1111111111111111111111111111111111111111111111111111111111111111
1111111111111111111111111111111111111111111111111111111111111111
1111111111111111111111111111111111111111111111111111111111111111
1111111111111111111111111111111111111111111111111111111111111111
1111111111111111111111111111111111111111111111111111111111111111
1111111111111111111111111111111111111111111111111111111111111111
1111111111111111111111111111111111111111111111111111111111111111
1111111111111111111111111111111111111111111111111111111111111111
1111111111111111111111111111111111111111111111100000000001111111
1111111111111111111111111111111111111111111111111000000011111111
1111111111111111111111111111111111111111111111111111111111111111
1111111111111111111111111111111111111111111111111111111111111111
1111111111111111111111111111111111111111111111111111111111111111
1111111111111111111111111111111111111111111111111111111111111111
1111111111111111111111111111111111111111111111111111111111111111
1111111111111111111111111111111111111111111111111111111111111111
1111111111111111111111111111111111111111111111111111111111111111
1111111111111111111111111111111111111111111111111110011111111111
1111111111111111111111111111111111111111111111100000000011111111
1111111111111111111111111111111111111111111111100000000011111111
1111111111111111111111111111111111111111111111111000001111111111
1111111111111111111111111111111111111111111111111110111111111111
1111111111111111111111111111111111111111111111111111111111111111
1111111111111111111111111111111111111111111111111111111111111111
0000000000000011111111111111111111111111111111111111111111111111
0000000000000011111111111111111111111111111111111111111111111111
1111111111111111111111111111111111111111111111111111111111111111
1111111111111111111111111111111111111111111111111111111111111111
1111111111111111111111111111111111111111111111111111111111111111
1111111111111111111111111111111111111111111111111111111111111111
1111111111111111111111111111111111111111111111111111111111111111
1111111111111111111111111111000001111111111111111111111111111111
1111111111111111111111100000000000000011111111111111111111111111
1111111111111111111111000000000000000001111111111111111111111111
1111111111111111111111000000000000000011111111111111111111111111
1111111111111111111111110000000000001111111111111111111111111111
1111111111111111111111111100000000011111111111111111111111111111
1111111111111111111111111111111111111111111111111111111111111111
1111111111111111111111111111111111111111111111111111111111111111
1111111111111111111111111111111111111111111111111111111111111111
1111111111111111111111111111111111111111111111111111111111111111
1111111111111111111111111111111111111111111111111111111111111111
1111111111111111111111111111111111111111111111111111111111111111
1111111111111111111111111111111111111111111111111111111111111111
1111111111111111111111111111111111111111111111111111111111111111
1111111111111111111100111111111111111111111111111111111111111111
1111111111111111100000001111111111111111111111111111111111111111
1111111111111111110001111111111111111111111111111111111111111111
1111111111111111111111111111111111111111111111111111111111111111
1111111111111111111111111111111111111111111111111111111111111111
1111111111111111111111111111111111111111111111111111111111111111
1111111111111111111111111111111111111111111111111111111111111111
1111111111111111111111111111111111111111111111111111111111111111
1111111111111111111111111111111111111111111111111111111111111111
1111111111111111111111111111111111111111111111111111111111111111
1111111111111111111111111111111111111111111111111111111111111111
1111111111111111111111111111111111111111111111111111111111111111
1100000000000011111111111111111111111111111111111111111111111111
1110000000011111111111111111111111111111111111111111111111111111
1111110011111111111111111111111111111111111111111111111111111111
1111000000111111111111111111111111111111111111111111111111111111
1111110011111111111111111111111111111111111111111111111111111111
1111000011111111111111111111111111111111111111111111111111111111
1111111111111111111111111111111111111111111111111111111111111111
